0.000000000000000000e+00
8.400000000000000522e-02
1.559999999999999998e-01
2.159999999999999976e-01
2.660000000000000142e-01
3.079999999999999960e-01
3.439999999999999725e-01
3.739999999999999991e-01
3.990000000000000213e-01
4.199999999999999845e-01
4.369999999999999996e-01
4.520000000000000129e-01
4.640000000000000235e-01
4.739999999999999769e-01
4.819999999999999840e-01
4.889999999999999902e-01
4.939999999999999947e-01
4.979999999999999982e-01
5.020000000000000018e-01
5.040000000000000036e-01
5.060000000000000053e-01
5.080000000000000071e-01
5.090000000000000080e-01
5.090000000000000080e-01
5.090000000000000080e-01
5.090000000000000080e-01
5.090000000000000080e-01
5.090000000000000080e-01
5.080000000000000071e-01
5.070000000000000062e-01
5.060000000000000053e-01
5.050000000000000044e-01
5.040000000000000036e-01
5.030000000000000027e-01
5.020000000000000018e-01
5.000000000000000000e-01
4.989999999999999991e-01
4.979999999999999982e-01
4.959999999999999964e-01
4.949999999999999956e-01
4.929999999999999938e-01
4.919999999999999929e-01
4.909999999999999920e-01
4.889999999999999902e-01
4.879999999999999893e-01
4.859999999999999876e-01
4.849999999999999867e-01
4.829999999999999849e-01
4.819999999999999840e-01
4.799999999999999822e-01
4.789999999999999813e-01
4.769999999999999796e-01
4.759999999999999787e-01
4.739999999999999769e-01
4.729999999999999760e-01
4.709999999999999742e-01
4.699999999999999734e-01
4.680000000000000271e-01
4.670000000000000262e-01
4.650000000000000244e-01
4.640000000000000235e-01
4.630000000000000226e-01
4.610000000000000209e-01
4.600000000000000200e-01
4.580000000000000182e-01
4.570000000000000173e-01
4.550000000000000155e-01
4.540000000000000147e-01
4.520000000000000129e-01
4.510000000000000120e-01
4.500000000000000111e-01
4.480000000000000093e-01
4.470000000000000084e-01
4.450000000000000067e-01
4.440000000000000058e-01
4.430000000000000049e-01
4.410000000000000031e-01
4.400000000000000022e-01
4.380000000000000004e-01
4.369999999999999996e-01
4.359999999999999987e-01
4.339999999999999969e-01
4.329999999999999960e-01
4.319999999999999951e-01
4.299999999999999933e-01
4.289999999999999925e-01
4.279999999999999916e-01
4.259999999999999898e-01
4.249999999999999889e-01
4.239999999999999880e-01
4.219999999999999862e-01
4.209999999999999853e-01
4.199999999999999845e-01
4.179999999999999827e-01
4.169999999999999818e-01
4.159999999999999809e-01
4.139999999999999791e-01
4.129999999999999782e-01
4.119999999999999774e-01
