0.000000000000000000e+00,
0.000000000000000000e+00,
1.000000000000000021e-03,
2.000000000000000042e-03,
5.000000000000000104e-03,
7.000000000000000146e-03,
1.000000000000000021e-02,
1.400000000000000029e-02,
1.700000000000000122e-02,
2.100000000000000130e-02,
2.599999999999999881e-02,
2.999999999999999889e-02,
3.500000000000000333e-02,
3.899999999999999994e-02,
4.399999999999999745e-02,
4.900000000000000189e-02,
5.399999999999999939e-02,
5.899999999999999689e-02,
6.400000000000000133e-02,
6.900000000000000577e-02,
7.399999999999999634e-02,
7.900000000000000078e-02,
8.400000000000000522e-02,
8.899999999999999578e-02,
9.400000000000000022e-02,
9.900000000000000466e-02,
1.039999999999999952e-01,
1.089999999999999997e-01,
1.140000000000000041e-01,
1.189999999999999947e-01,
1.239999999999999991e-01,
1.300000000000000044e-01,
1.350000000000000089e-01,
1.400000000000000133e-01,
1.449999999999999900e-01,
1.499999999999999944e-01,
1.549999999999999989e-01,
1.600000000000000033e-01,
1.650000000000000078e-01,
1.700000000000000122e-01,
1.749999999999999889e-01,
1.789999999999999925e-01,
1.839999999999999969e-01,
1.890000000000000013e-01,
1.940000000000000058e-01,
1.990000000000000102e-01,
2.039999999999999869e-01,
2.089999999999999913e-01,
2.139999999999999958e-01,
2.179999999999999993e-01,
2.230000000000000038e-01,
2.280000000000000082e-01,
2.330000000000000127e-01,
2.379999999999999893e-01,
2.419999999999999929e-01,
2.469999999999999973e-01,
2.520000000000000018e-01,
2.560000000000000053e-01,
2.610000000000000098e-01,
2.660000000000000142e-01,
2.700000000000000178e-01,
2.750000000000000222e-01,
2.800000000000000266e-01,
2.839999999999999747e-01,
2.889999999999999791e-01,
2.929999999999999827e-01,
2.979999999999999871e-01,
3.029999999999999916e-01,
3.069999999999999951e-01,
3.119999999999999996e-01,