8.439999999999999503e+00
-1.807999999999999829e+01
-6.296999999999999886e+01
-1.166599999999999966e+02
-2.162500000000000000e+02
-3.859200000000000159e+02
-6.614500000000000455e+02
-1.136869999999999891e+03
-1.936829999999999927e+03
-3.265530000000000200e+03
-5.512800000000000182e+03
-9.262239999999999782e+03
-1.557345000000000073e+04
-2.616684000000000015e+04
-4.393851999999999680e+04
-7.365841999999999825e+04
-1.232514600000000064e+05
-2.057806700000000128e+05
-3.427057700000000186e+05
-5.688999599999999627e+05
-9.406363399999999674e+05
-1.547730320000000065e+06
-2.531242430000000168e+06
-4.108046040000000037e+06
-6.601860400000000373e+06
-1.047386789000000060e+07
-1.633191475999999978e+07
-2.486045680000000075e+07
-3.653146750000000000e+07
-5.077493479999999702e+07
-6.389757002000000328e+07
-6.420817989000000060e+07
-2.107334264999999851e+07
1.389778227400000095e+08
5.834062776299999952e+08
1.681591158240000010e+09
4.230068699570000172e+09
9.918622133899999619e+09
2.228835183099000168e+10
4.869057070151999664e+10
1.042748376862500000e+11
2.200796827445299988e+11
4.593996882013099976e+11
9.508170306841899414e+11
1.954734386162580078e+12
3.997169136092689941e+12
8.138441468010250000e+12
1.651214639821175000e+13
3.340526963089875000e+13
6.742104019689250000e+13
1.358069685694060000e+14
2.731106783841440000e+14
5.484827968519760000e+14
1.100251221615160000e+15
2.204983090942624000e+15
4.415395972560576000e+15
8.835688091025728000e+15
1.767110251324544000e+16
3.532467513161753600e+16
7.058565522281676800e+16
1.409956698206126080e+17
2.815588219601858560e+17
5.621159679824732160e+17
1.121999017950347264e+18
2.239147043268149248e+18
4.467946968404393984e+18
8.914121256392065024e+18
1.778289868083429376e+19
3.547211919749074125e+19
7.075192711525800346e+19
1.411110576567982490e+20
2.814231107431898808e+20
5.612263569581020283e+20
1.119177676059773501e+21
2.231748868333511901e+21
4.450195981085664346e+21
8.873651499906447180e+21
1.769361684583086136e+22
3.527956698450077994e+22
7.034340785119114245e+22
1.402549092813142921e+23
2.796456566098827390e+23
5.575632349882413650e+23
1.111672397120241523e+24
2.216443500114368155e+24
4.419102637480561347e+24
8.810680612736784553e+24
1.756641282806720661e+25
3.502315221433007192e+25
6.982744030732115239e+25
1.392181782626497554e+26
2.775651044587648377e+26
5.533921781398477426e+26
1.103317520692007564e+27
2.199720284382074785e+27
4.385649644704821153e+27
8.743795868839386747e+27
1.743274378087627370e+28
3.475611268700153874e+28
