8.439999999999999503e+00
7.120000000000000107e+00
6.000000000000000000e+00
5.049999999999999822e+00
4.240000000000000213e+00
3.569999999999999840e+00
2.990000000000000213e+00
2.509999999999999787e+00
2.089999999999999858e+00
1.750000000000000000e+00
1.449999999999999956e+00
1.199999999999999956e+00
9.899999999999999911e-01
8.100000000000000533e-01
6.600000000000000311e-01
5.400000000000000355e-01
4.299999999999999933e-01
3.400000000000000244e-01
2.600000000000000089e-01
2.000000000000000111e-01
1.400000000000000133e-01
8.999999999999999667e-02
5.000000000000000278e-02
2.000000000000000042e-02
-1.000000000000000021e-02
-2.999999999999999889e-02
-5.000000000000000278e-02
-7.000000000000000666e-02
-8.000000000000000167e-02
-8.999999999999999667e-02
-1.000000000000000056e-01
-1.100000000000000006e-01
-1.199999999999999956e-01
-1.199999999999999956e-01
-1.300000000000000044e-01
-1.300000000000000044e-01
-1.400000000000000133e-01
-1.400000000000000133e-01

-1.400000000000000133e-01
-1.400000000000000133e-01
-1.400000000000000133e-01
-1.499999999999999944e-01
-1.499999999999999944e-01
-1.499999999999999944e-01
-1.499999999999999944e-01
-1.499999999999999944e-01
-1.499999999999999944e-01
-1.499999999999999944e-01

-1.499999999999999944e-01
-1.499999999999999944e-01
-1.499999999999999944e-01
-1.499999999999999944e-01
-1.499999999999999944e-01
-1.499999999999999944e-01
-1.499999999999999944e-01
-1.499999999999999944e-01
-1.499999999999999944e-01
-1.499999999999999944e-01
-1.499999999999999944e-01
-1.499999999999999944e-01
-1.499999999999999944e-01
-1.400000000000000133e-01
-1.400000000000000133e-01
-1.400000000000000133e-01
-1.400000000000000133e-01
-1.400000000000000133e-01
-1.400000000000000133e-01
-1.400000000000000133e-01
-1.400000000000000133e-01
-1.400000000000000133e-01
-1.400000000000000133e-01
-1.400000000000000133e-01
-1.400000000000000133e-01
-1.400000000000000133e-01
-1.400000000000000133e-01
-1.400000000000000133e-01
-1.400000000000000133e-01
-1.400000000000000133e-01
-1.400000000000000133e-01
-1.400000000000000133e-01
-1.400000000000000133e-01
-1.400000000000000133e-01
-1.400000000000000133e-01
-1.400000000000000133e-01
-1.400000000000000133e-01
-1.300000000000000044e-01
-1.300000000000000044e-01
-1.300000000000000044e-01
-1.300000000000000044e-01
-1.300000000000000044e-01
-1.300000000000000044e-01
-1.300000000000000044e-01
-1.300000000000000044e-01
-1.300000000000000044e-01
-1.300000000000000044e-01
-1.300000000000000044e-01
-1.300000000000000044e-01
-1.300000000000000044e-01
-1.300000000000000044e-01
