8.439999999999999503e+00
-3.130000000000000071e+01
-5.435999999999999943e+01
-1.252900000000000063e+02
-2.263499999999999943e+02
-3.771299999999999955e+02
-6.382000000000000455e+02
-1.078450000000000045e+03
-1.846390000000000100e+03
-3.125550000000000182e+03
-5.297930000000000291e+03
-8.995739999999999782e+03
-1.523750000000000000e+04
-2.579040999999999985e+04
-4.363477999999999884e+04
-7.380658999999999651e+04
-1.247989400000000023e+05
-2.110405599999999977e+05
-3.568084099999999744e+05
-6.031174100000000326e+05
-1.019245810000000056e+06
-1.722003600000000093e+06
-2.908417299999999814e+06
-4.910406169999999925e+06
-8.286744410000000149e+06
-1.397725155000000075e+07
-2.356072214999999851e+07
-3.968567607000000030e+07
-6.678775500000000000e+07
-1.122805106299999952e+08
-1.885245988000000119e+08
-3.160681055199999809e+08
-5.289464475600000024e+08
-8.832849616799999475e+08
-1.471126355339999914e+09
-2.442373053840000153e+09
-4.039013349199999809e+09
-6.647244423739999771e+09
-1.087411892409000015e+10
-1.765419887047000122e+10
-2.838407334229000092e+10
-4.505833231786000061e+10
-7.031688826974000549e+10
-1.071605950820599976e+11
-1.577432875440499878e+11
-2.198786023553800049e+11
-2.782394937497100220e+11
-2.837050555124299927e+11
-1.069245671576999969e+11
5.631639807098800049e+11
2.436724479018250000e+12
7.081935562814000000e+12
1.788308692655900000e+13
4.202378921964900000e+13
9.456454671275500000e+13
2.067814961545140000e+14
4.431455807335600000e+14
9.357735060578080000e+14
1.954127482055344000e+15
4.045693446805184000e+15
8.319359066674880000e+15
1.701530669682547200e+16
3.464954138743065600e+16
7.030984204490342400e+16
1.422570793148958720e+17
2.871392925218099200e+17
5.784302468674068480e+17
1.163306290382938112e+18
2.336364014846509056e+18
4.686923548239298560e+18
9.393270108438265856e+18
1.881023704468645478e+19
3.764228583608129946e+19
7.528501348857072845e+19
1.504980560618161439e+20
3.007293229958147604e+20
6.007180631639389635e+20
1.199606427480070554e+21
2.394967195508019298e+21
4.780458059284132921e+21
9.540310740179984843e+21
1.903664224199815830e+22
3.798069763231621893e+22
7.576850220968134155e+22
1.511383808893539970e+23
3.014582410419646172e+23
6.012443392436045758e+23
1.199086786499677226e+24
2.391275884157899805e+24
4.768604621043847162e+24
9.509072360214245444e+24
1.896148885146377542e+25
3.780907601760732798e+25
7.538946334813428994e+25
1.503202765432464169e+26
2.997215484082592271e+26
5.976030995711141469e+26
1.191524627994943061e+27
2.375687009591534086e+27
