-1.860973797281988140e-01
-1.587807720224054808e-01
-1.345379660252315757e-01
-1.138132079901674060e-01
-9.385550943029191684e-02
-7.786010508601648450e-02
-6.266211847487772324e-02
-4.846849359464676377e-02
-3.658161094784661421e-02
-2.528520203641192871e-02
-1.375149086925809422e-02
-4.317577937763859147e-03
5.353637249449517965e-03
1.333894219654561952e-02
2.176849339713202852e-02
2.957721260440495173e-02
3.717898781390666096e-02
4.436687502786612614e-02
5.134781824405439121e-02
5.791487346470036018e-02
6.448192868534628752e-02
7.084203990822107722e-02
7.699520713332470845e-02
8.294143036065716734e-02
8.888765358798962624e-02
9.462693281755094055e-02
1.003662120471122271e-01
1.061054912766735414e-01
1.116378265084636834e-01
1.171701617402538115e-01
1.227024969720439534e-01
1.292999104506378782e-01
1.348322456824280480e-01
1.401576369164470315e-01
1.456899721482371457e-01
1.510153633822561292e-01
1.565476986140462712e-01
1.618730898480652547e-01
1.671984810820842382e-01
1.725238723161032217e-01
1.778492635501221775e-01
1.823165205351085227e-01
1.876419117691275062e-01
1.929673030031464898e-01
1.982926942371654733e-01
2.036180854711844568e-01
2.089434767052034125e-01
2.142688679392223960e-01
2.195942591732413796e-01
2.238545721604565664e-01
2.291799633944755499e-01
2.345053546284945334e-01
2.398307458625135169e-01
2.451561370965324727e-01
2.494164500837476595e-01
2.547418413177666152e-01
2.600672325517855987e-01
2.643275455390007855e-01
