0.000000000000000000e+00
1.760000000000000009e+00
5.419999999999999929e+00
1.078999999999999915e+01
2.244000000000000128e+01
4.652000000000000313e+01
9.070000000000000284e+01
1.839600000000000080e+02
3.697799999999999727e+02
7.388799999999999955e+02
1.478609999999999900e+03
2.954110000000000127e+03
5.901350000000000364e+03
1.178462000000000080e+04
2.352954999999999927e+04
4.697033000000000175e+04
9.374475999999999476e+04
1.870697300000000105e+05
3.732492999999999884e+05
7.446389399999999441e+05
1.485418330000000075e+06
2.962890569999999832e+06
5.909516530000000261e+06
1.178588073000000045e+07
2.350444662999999896e+07
4.687262000999999791e+07
9.347005462999999523e+07
1.863855439499999881e+08
3.716554288000000119e+08
7.410695905199999809e+08
1.477642036980000019e+09
2.946269474349999905e+09
5.874484189000000000e+09
1.171283317740999985e+10
2.335338752225999832e+10
4.656227297244000244e+10
9.283577516058000183e+10
1.850946813944100037e+11
3.690373169566900024e+11
7.357745096998599854e+11
1.466957686316040039e+12
2.924752182690220215e+12
5.831219695431589844e+12
1.162595808284217969e+13
2.317913730951617188e+13
4.621309723350567969e+13
9.213662158971375000e+13
1.836956962924880312e+14
3.662395541876823125e+14
7.301820364393377500e+14
1.455783291114475250e+15
2.902431987116627000e+15
5.786649106796036000e+15
1.153697772298898800e+16
2.300153385789054800e+16
4.585866464009488800e+16
9.142940512205372800e+16
1.822847280862243840e+17
3.634248261319190400e+17
7.245674606237839360e+17
1.444584667837512192e+18
2.880097063117002240e+18
5.742105979385888768e+18
1.144814828860432998e+19
2.282439408326095667e+19
4.550543197823368397e+19
9.072504723870823219e+19
1.808802482206855332e+20
3.606243695764117914e+20
7.189835985823773491e+20
1.433451104871541113e+21
2.857898325927501234e+21
5.697845328646902907e+21
1.135990058012190441e+22
2.264844549644278877e+22
4.515462733635396410e+22
9.002562005919203538e+22
1.794857509697447296e+23
3.578440731028107223e+23
7.134403659790022523e+23
1.422399283331560049e+24
2.835863806773371794e+24
5.653914195730958717e+24
1.127231341409299209e+25
2.247381989874212873e+25
4.480647060755539678e+25
8.933148941265311099e+25
1.781018428614458540e+26
3.550849380674160459e+26
7.079394073890121173e+26
1.411431886547269932e+27
2.813997847609154022e+27
5.610319531518841263e+27
1.118539776168053366e+28
2.230053427751802518e+28
4.446098739035824175e+28
8.864269233947462439e+28
1.767285740563234075e+29
3.523470243857426271e+29
