-5.524228089748531856e-01
-3.832938974504886409e-01
-2.390255009462969316e-01
-1.177821093559610621e-01
-1.562424907682091746e-02
6.955204338746706627e-02
1.429099150437741772e-01
2.038375291899949260e-01
2.558342143827234683e-01
2.987282789659202464e-01
3.349670697480077730e-01
3.660427135232238172e-01
3.915150652455022806e-01
4.130479433651204069e-01
4.306413478820783625e-01
4.453472605445477073e-01
4.573373730085681377e-01
4.670518303202055299e-01
4.761544509297373495e-01
4.819294346387145156e-01
4.877044183476917372e-01
4.928675653545632751e-01
4.963668939111574585e-01
4.982024040174743984e-01
5.000379141237912828e-01
5.012615875280026501e-01
5.024852609322139063e-01
5.037089343364251626e-01
5.032687892903591198e-01
5.028286442442930770e-01
5.023884991982270343e-01
5.019483541521609915e-01
5.015082091060949487e-01
5.004562273579232778e-01
5.000160823118573461e-01
4.979121188155138933e-01
4.974719737694479060e-01
4.964199920212762351e-01
4.943160285249328934e-01
4.932640467767612225e-01
4.911600832804178807e-01
4.907199382343518379e-01
4.896679564861801670e-01
4.875639929898368252e-01
4.865120112416651543e-01
4.844080477453218125e-01
4.833560659971501416e-01
4.812521025008067999e-01
4.802001207526351290e-01
4.780961572562917872e-01
4.770441755081201163e-01
4.749402120117767745e-01
4.738882302636051036e-01
4.717842667672617618e-01
4.707322850190900909e-01
4.686283215227467491e-01
4.675763397745751337e-01
4.654723762782318475e-01
