0.000000000000000000e+00
1.149999999999999911e+00
2.879999999999999893e+00
4.650000000000000355e+00
7.410000000000000142e+00
1.082000000000000028e+01
1.477999999999999936e+01
1.637000000000000099e+01
1.016000000000000014e+01
-1.876000000000000156e+01
-1.032199999999999989e+02
-3.183999999999999773e+02
-8.232999999999999545e+02
-1.958970000000000027e+03
-4.441300000000000182e+03
-9.762000000000000000e+03
-2.099797999999999956e+04
-4.446262999999999738e+04
-9.304013999999999942e+04
-1.929339899999999907e+05
-3.972462800000000279e+05
-8.133048299999999581e+05
-1.657563090000000084e+06
-3.365751430000000168e+06
-6.813663419999999925e+06
-1.375936391000000015e+07
-2.772820644999999925e+07
-5.578305160999999940e+07
-1.120633104899999946e+08
-2.248572505999999940e+08
-4.507299992900000215e+08
-9.027379496799999475e+08
-1.806760063400000095e+09
-3.613941594409999847e+09
-7.225103633010000229e+09
-1.443853914006999969e+10
-2.884344645681000137e+10
-5.760229154055000305e+10
-1.150062106384900055e+11
-2.295666542404500122e+11
-4.581594970680200195e+11
-9.142334973813699951e+11
-1.824065401108850098e+12
-3.638942808452750000e+12
-7.258869276292839844e+12
-1.447864386486289062e+13
-2.887734434700455859e+13
-5.759191986465003125e+13
-1.148535968013371250e+14
-2.290390882100557500e+14
-4.567297556161715000e+14
-9.107433718609537500e+14
-1.816024530154224500e+15
-3.621079404371408500e+15
-7.220153784310515000e+15
-1.439620790680217600e+16
-2.870410789415314000e+16
-5.723150202648576800e+16
-1.141095820027066240e+17
-2.275126705027808960e+17
-4.536136279011054720e+17
-9.044073424057986560e+17
-1.803183508372393472e+18
-3.595124697385137664e+18
-7.167809414411268096e+18
-1.429083588795717222e+19
-2.849231283654625690e+19
-5.680634324796467610e+19
-1.132570285223126630e+20
-2.258046146606755021e+20
-4.501941907790458388e+20
-8.975661604049556603e+20
-1.789503858595047408e+21
-3.567783190050932523e+21
-7.113182826580669366e+21
-1.418173067579466816e+22
-2.827445743196762119e+22
-5.637144183393711712e+22
-1.123890113309576224e+23
-2.240724313222252184e+23
-4.467379944874266382e+23
-8.906708907892270495e+23
-1.775748868446256487e+24
-3.540346472192748340e+24
-7.058459496443091507e+24
-1.407259012288389471e+25
-2.805679819301817921e+25
-5.593738277378162068e+25
-1.115234372910019041e+26
-2.223464115377171999e+26
-4.432962742692879547e+26
-8.838081849733229748e+26
-1.762065067857470565e+27
-3.513062292152144109e+27
-7.004058233890448594e+27
-1.396412206209325648e+28
-2.784053113129241567e+28
-5.550618634520804008e+28
-1.106637178147985533e+29
